-20
-56
85
-76
-75
17
-30
-98
-72
-21
18
-18
92
75
40
-46
87
94
60
100
-1
-84
-86
-41
-11
-42
-29
39
-13
-1
-21
-54
50
43
75
32
84
-95
37
-12
97
-5
-18
16
67
-64
70
-19
73
-77
56
-81
51
-59
-82
62
-55
83
-49
-64
76
90
-23
29
-12
-8
55
58
-97
14
-50
-55
64
52
80
0
47
-87
91
-31
-34
80
-88
29
25
8
40
27
-22
-57
-65
53
-49
-60
28
-56
43
-1
-10
-99
47
-94
34
28
24
-22
-27
-40
-75
-15
-95
35
-81
17
93
-38
80
51
59
12
-6
37
-74
-37
-51
-97
65
15
62
-2
-74
97
39
98
45
65
-98
-97
-3
43
95
4
-47
-9
-63
91
-73
40
-55
22
32
3
80
-27
58
61
-92
40
-53
-89
-2
76
82
55
-15
85
83
2
-48
63
68
-16
37
-41
65
-56
-52
63
26
60
38
88
69
21
-8
-71
-20
67
-64
-56
86
-8
2
57
86
74
-62
39
78
-98
-70
46
-67
-36
-30
-54
-20
-99
9
73
16
-75
84
67
70
94
31
-26
50
-96
-20
36
47
90
50
47
75
25
-59
33
76
54
57
-25
53
-61
70
-42
-30
-95
-44
20
-30
-29
-59
-11
-27
-21
-68
90
1
30
-81
59
18
-68
-40
-16
83
29
8
-80
-42
-20
-22
90
-14
-5
10
62
37
52
4
56
-46
-89
48
93
-28
-96
-60
18
-70
-11
24
100
-71
34
16
-16
88
-94
6
76
73
-96
-81
-54
79
-26
-100
70
50
4
68
3
-92
57
-90
-28
-91
-42
80
-87
-57
-61
3
-3
47
-10
-41
26
68
70
28
98
-79
-84
-8
-77
-3
17
37
-51
-96
62
62
3
43
-81
49
82
-73
-3
37
-57
-1
-94
38
-34
71
49
-45
-85
5
-94
87
-73
98
59
-6
-90
-34
-24
7
54
-51
-98
34
14
-45
55
59
28
-53
-65
18
90
-27
-95
-85
0
6
92
5
-47
52
-57
-95
-36
66
-38
-46
-34
-2
22
-15
-5
40
19
37
47
0
10
32
16
-73
97
-80
11
-45
-7
21
-85
79
0
41
-76
-78
40
-42
18
18
60
52
-52
77
-77
-83
-48
46
-5
-94
8
-42
65
-90
-2
45
-90
-51
14
91
93
-62
64
-24
-86
14
81
67
-22
-72
39
-27
-100
-78
37
12
100
-78
78
64
43
-91
37
-95
68
22
32
97
60
33
-66
-21
74
67
-43
-58
-55
61
99
75
15
45
-69
-71
-29
-56
-39
90
-31
-20
84
41
-59
71
-79
-65
-25
-53
-41
98
85
56
-17
-35
50
-27
-98
11
-87
-50
-10
94
-26
39
-19
-20
89
-68
-24
81
76
28
-19
63
83
67
56
0
7
-46
38
-5
78
9
51
4
24
7
-68
46
30
-73
84
19
-30
-37
-25
-41
48
-28
-87
-32
-21
84
71
47
-68
-98
16
91
61
-24
17
-12
-20
14
-2
43
-65
-27
13
-33
57
-18
29
85
-97
-67
24
-12
-3
21
-27
-57
42
25
95
-35
-40
81
83
-5
95
-5
9
-51
34
19
11
-60
31
42
58
11
-58
39
-97
0
-48
-68
-54
-99
71
88
80
20
-38
65
49
-39
26
-62
92
56
-87
89
-58
38
-2
-52
-68
-97
6
75
52
47
86
-27
-17
57
54
-8
57
-5
79
46
-77
-84
-33
91
2
-73
49
-42
39
-13
-98
80
-66
-60
83
60
30
-100
69
-96
-23
84
-21
-18
85
25
74
-36
-57
-79
-65
-61
-27
37
33
59
-53
-97
92
93
63
34
83
-94
-56
86
-14
-87
-62
68
-51
6
-5
-39
60
-69
-13
54
36
-37
45
-53
-57
14
-17
-96
4
-37
2
10
-36
29
33
100
-41
-88
49
-48
-52
71
-92
-66
8
22
54
67
58
8
19
44
-69
89
53
-66
97
-81
-41
45
-9
88
-34
-22
-91
11
-96
-5
4
25
93
-18
71
-26
-14
55
7
79
-89
88
61
66
22
61
-21
-66
57
-59
27
-14
95
-48
83
0
0
-43
87
54
41
2
40
61
35
38
98
34
-51
76
-17
29
32
-77
-39
7
-18
-30
-43
-78
17
-61
-34
16
-65
27
10
-79
-12
-55
88
70
-32
36
-88
59
-68
87
38
97
-98
-62
25
-51
83
-22
-11
-27
-94
76
95
1
97
38
-34
-37
-1
-69
19
62
75
37
-35
6
-62
-67
31
99
93
30
34
-53
-28
-15
-52
-80
94
3
-41
-14
11
-55
-2
14
67
-72
74
-24
-8
82
42
63
85
-36
-16
54
-96
-31
57
-89
48
58
70
89
6
-42
-65
43
-61
76
19
26
73
-27
-68
95
-93
-34
-100
-53
-93
-93
89
-29
52
-84
-37
70
57
-77
-13
57
-68
-43
45
-7
-12
-78
-52
63
78
-75
24
64
-82
35
90
67
70
-4
86
-42
-95
-100
-12
24
1
-30
-84
-18
4
-58
-45
41
75
33
-96
9
-78
-8
-39
-26
-29
-73
-12
93
-30
74
24
26
-10
50
-28
-67
-66
36
11
-60
91
39
17
61
-55
-15
-63
-34
23
-14
79
-79
24
13
92
35
32
-68
45
96
-65
47
46
50
-59
-14
-65
