-20
-56
85
-76
-75
17
-30
-98
-72
-21
18
-18
92
75
40
-46
87
94
60
100
-1
-84
-86
-41
-11
-42
-29
39
-13
-1
-21
-54
50
43
75
32
84
-95
37
-12
97
-5
-18
16
67
-64
70
-19
73
-77
56
-81
51
-59
-82
62
-55
83
-49
-64
76
90
-23
29
-12
-8
55
58
-97
14
-50
-55
64
52
80
0
47
-87
91
-31
-34
80
-88
29
25
8
40
27
-22
-57
-65
53
-49
-60
28
-56
43
-1
-10
-99
47
-94
34
28
24
-22
-27
-40
-75
-15
-95
35
-81
17
93
-38
80
51
59
12
-6
37
-74
-37
-51
-97
65
15
62
-2
-74
97
39
98
45
65
-98
-97
-3
43
95
4
-47
-9
-63
91
-73
40
-55
22
32
3
80
-27
58
61
-92
40
-53
-89
-2
76
82
55
-15
85
83
2
-48
63
68
-16
37
-41
65
-56
-52
63
26
60
38
88
69
21
-8
-71
-20
67
-64
-56
86
-8
2
57
86
74
-62
39
78
-98
-70
46
-67
-36
-30
-54
-20
-99
9
73
16
-75
84
67
70
94
31
-26
50
-96
-20
36
47
90
50
47
75
25
-59
33
76
54
57
-25
53
-61
70
-42
-30
-95
-44
20
-30
-29
-59
-11
-27
-21
-68
90
1
30
-81
59
18
-68
-40
-16
83
29
8
-80
-42
-20
-22
90
-14
-5
10
62
37
52
4
56
-46
-89
48
93
-28
-96
-60
18
-70
-11
24
100
-71
34
16
-16
88
-94
6
76
73
-96
-81
-54
79
-26
-100
70
50
4
68
3
-92
57
-90
-28
-91
-42
80
-87
-57
-61
3
-3
47
-10
-41
26
68
70
28
98
-79
-84
-8
-77
-3
17
37
-51
-96
62
62
3
43
-81
49
82
-73
-3
37
-57
-1
-94
38
-34
71
49
-45
-85
5
-94
87
-73
98
59
-6
-90
-34
-24
7
54
-51
-98
34
14
-45
55
59
28
-53
-65
18
90
-27
-95
-85
0
6
92
5
-47
52
-57
-95
-36
66
-38
-46
-34
-2
22
-15
-5
40
19
37
47
0
10
32
16
-73
97
-80
11
-45
-7
21
-85
79
0
41
-76
-78
40
-42
18
18
60
52
-52
77
-77
-83
-48
46
-5
-94
8
-42
65
-90
-2
45
-90
-51
14
91
93
-62
64
-24
-86
14
81
67
-22
-72
39
-27
-100
-78
37
12
100
-78
78
64
43
-91
37
-95
68
22
32
97
60
33
-66
-21
74
67
-43
-58
-55
61
99
75
15
45
-69
-71
-29
-56
-39
90
-31
-20
84
41
-59
71
-79
-65
-25
-53
-41
98
85
56
-17
-35
50
-27
-98
11
-87
-50
-10
94
-26
39
-19
-20
89
-68
-24
81
76
28
-19
63
83
67
56
0
7
-46
38
-5
78
9
51
4
24
7
-68
46
30
-73
84
19
-30
-37
-25
-41
48
-28
-87
-32
-21
84
71
47
-68
-98
16
91
61
-24
17
-12
-20
14
-2
43
-65
-27
13
-33
57
-18
29
85
-97
-67
24
-12
-3
21
-27
-57
42
25
95
-35
-40
81
83
-5
95
-5
9
-51
34
19
11
-60
31
42
58
11
-58
39
-97
0
-48
-68
-54
-99
71
88
80
20
-38
65
49
-39
26
-62
92
56
-87
89
-58
38
-2
-52
-68
-97
6
75
52
47
86
-27
-17
57
54
-8
57
-5
79
46
-77
-84
-33
91
2
-73
49
-42
39
-13
-98
80
-66
-60
83
60
30
-100
69
-96
-23
84
-21
-18
85
25
74
-36
-57
-79
-65
-61
-27
37
33
59
-53
-97
92
93
63
34
83
-94
-56
86
-14
-87
-62
68
-51
6
-5
-39
60
-69
-13
54
36
-37
45
-53
-57
14
-17
-96
4
-37
2
10
-36
29
33
100
-41
-88
49
-48
-52
71
-92
-66
8
22
54
67
58
8
19
44
-69
89
53
-66
97
-81
-41
45
-9
88
-34
-22
-91
11
-96
-5
4
25
93
-18
71
-26
-14
55
7
79
-89
88
61
66
22
61
-21
-66
57
-59
27
-14
95
-48
83
0
0
-43
87
54
41
2
40
61
35
38
98
34
-51
76
-17
29
32
-77
-39
7
-18
-30
-43
-78
17
-61
-34
16
-65
27
10
-79
-12
-55
88
70
-32
36
-88
59
-68
87
38
97
-98
-62
25
-51
83
-22
-11
-27
-94
76
95
1
97
38
-34
-37
-1
-69
19
62
75
37
-35
6
-62
-67
31
99
93
30
34
-53
-28
-15
-52
-80
94
3
-41
-14
11
-55
-2
14
67
-72
74
-24
-8
82
42
63
85
-36
-16
54
-96
-31
57
-89
48
58
70
89
6
-42
-65
43
-61
76
19
26
73
-27
-68
95
-93
-34
-100
-53
-93
-93
89
-29
52
-84
-37
70
57
-77
-13
57
-68
-43
45
-7
-12
-78
-52
63
78
-75
24
64
-82
35
90
67
70
-4
86
-42
-95
-100
-12
24
1
-30
-84
-18
4
-58
-45
41
75
33
-96
9
-78
-8
-39
-26
-29
-73
-12
93
-30
74
24
26
-10
50
-28
-67
-66
36
11
-60
91
39
17
61
-55
-15
-63
-34
23
-14
79
-79
24
13
92
35
32
-68
45
96
-65
47
46
50
-59
-14
-65
21
-84
-42
-19
-14
82
-73
86
74
5
-78
-27
38
-18
96
20
-77
21
78
39
-54
13
-49
-71
35
-70
-70
51
-76
8
-28
6
-57
62
-44
74
37
1
12
51
-4
52
-59
94
80
-60
1
-38
-45
-16
57
-96
68
-58
18
27
37
34
-53
22
-8
-33
56
-61
-98
93
68
51
-6
44
45
-53
41
91
22
-60
-40
-89
93
-82
10
-48
-82
91
3
94
72
-13
-49
-70
45
-5
18
57
-96
1
-2
56
54
15
-88
-9
2
-47
47
33
7
-44
-76
83
-76
-31
-23
37
18
-32
-19
-19
-82
-40
98
-16
-53
81
89
-91
-38
19
-82
68
-15
70
-40
-91
-54
-86
-61
15
50
-8
15
-64
42
17
49
53
-81
-42
52
90
-86
96
13
67
-70
95
-45
60
-42
-61
-32
25
8
-17
93
-94
60
-37
41
-79
71
62
61
38
44
49
30
37
2
26
34
-27
-30
-2
3
94
47
69
-7
53
32
-99
26
-93
3
72
63
94
-26
-11
60
79
67
95
15
21
-86
23
67
-96
-100
84
-15
-100
-51
-84
-35
-93
-34
-3
-15
28
99
-72
-41
68
-79
-2
18
-99
-20
-53
5
82
-56
40
-38
-35
95
-78
43
-80
-8
-74
-43
19
27
-40
16
-39
53
-21
-17
58
4
16
-59
-24
36
-43
-20
41
-58
-69
-86
48
-69
75
-87
17
63
-59
-99
-52
73
50
65
16
24
-57
-52
-76
75
28
-39
7
-23
-26
-95
30
-2
34
38
36
24
80
-56
81
-57
64
-64
15
-80
-21
21
-15
96
-64
-61
75
75
-84
46
20
70
-51
66
-12
-16
-53
-66
6
52
5
-63
38
88
-83
-73
0
80
4
59
-25
19
-85
-80
-24
21
-75
-58
51
-74
-88
-94
-63
19
9
80
72
-35
-38
17
18
45
-26
73
-11
-22
-72
58
13
-51
-80
59
43
21
48
63
60
-40
-90
90
-78
67
34
-98
-91
5
78
-34
93
-9
-23
-99
-55
40
49
94
-52
35
2
35
96
-55
-75
-89
-64
-28
-46
-24
24
-60
-69
-5
9
-99
38
-87
-2
99
97
15
77
78
24
68
78
-36
-6
-59
-76
-23
-29
94
-15
-13
-3
-81
-1
-96
59
-63
-60
27
-68
-85
-74
-19
-20
-81
-40
-46
67
-72
31
80
24
-98
97
68
-9
-54
36
-27
-23
68
-32
-99
-76
-37
-81
49
-36
25
-77
-26
63
44
-64
54
54
-40
96
71
-41
-56
-17
-92
-51
63
58
77
20
-70
-98
5
-28
-87
-62
94
85
-79
89
25
-14
-21
41
2
-69
86
44
-2
-75
2
16
25
-36
63
75
86
72
-8
-10
35
-89
-75
-24
45
35
77
-83
-12
46
74
90
-39
96
53
21
-81
-67
65
-47
33
-47
-11
-79
54
58
19
-14
-5
-74
-93
-43
63
-56
-96
96
70
62
19
-93
-84
25
55
24
-55
-68
-56
94
99
-72
-10
1
-65
-54
-89
-26
95
23
89
66
83
36
90
28
-47
9
-94
-30
19
-16
-22
70
-81
-55
75
-51
-94
-88
23
1
-20
6
91
-55
-77
96
-44
-47
96
72
-12
-40
-45
-15
92
-79
47
-10
-76
-4
3
64
-40
-100
87
-9
62
12
-82
90
-97
33
99
16
-71
73
37
77
70
-73
-89
13
-58
-38
67
87
-80
-17
11
74
98
-84
-15
81
-94
57
21
-13
51
-11
-95
65
-94
-69
24
-78
51
-98
-48
10
68
-45
-96
-25
-65
48
-20
-14
-61
-19
49
71
-24
-74
-55
-77
23
74
38
-95
86
30
-85
34
-46
-91
-13
-32
-92
-40
-86
75
-69
12
-1
-80
-97
-78
96
-5
-48
17
-60
78
76
-66
-21
59
35
-61
46
46
-19
-82
-91
21
43
-45
-34
66
5
12
-45
37
97
73
-17
100
-58
14
23
-94
-32
-13
-52
-74
79
-54
6
-53
-97
45
-6
-74
-27
-51
-99
-57
90
71
-85
83
-64
-96
-3
-80
-8
-7
-81
-51
73
16
-74
-89
-9
-46
-66
25
73
-5
-60
20
36
-16
-88
-54
86
7
-79
-37
67
-93
65
41
-73
-68
-26
-44
79
65
-39
86
22
-85
100
44
7
78
39
-69
-16
9
65
-6
22
-67
48
36
26
15
19
-87
44
-15
94
54
55
100
72
44
-35
39
27
-19
39
62
-38
36
-45
84
-81
47
-92
30
0
-75
27
-60
-45
44
52
59
90
-15
12
49
41
61
99
-17
-93
74
-22
14
-77
51
43
81
56
63
92
17
87
-75
6
-42
35
43
58
63
1
-51
96
52
-33
-25
-14
-30
-27
-1
9
-63
-80
5
-91
31
36
-58
7
12
-28
-58
41
22
-7
23
74
29
2
-52
-60
-71
19
10
-18
-10
9
30
-7
36
-85
-14
-83
-60
-14
52
-26
94
-51
49
-47
7
-55
-57
48
-12
-2
-48
73
70
52
-37
-94
95
47
-100
-83
-33
-34
-54
-84
30
16
-88
64
90
-7
49
25
70
27
41
45
-43
25
98
22
16
-79
8
-50
69
-15
98
83
60
-36
-8
-98
85
88
-22
82
66
-70
65
-53
25
47
93
49
-31
44
-2
43
49
91
-11
77
-76
-23
-83
44
-51
-65
-5
