-20
-56
85
-76
-75
17
-30
-98
-72
-21
18
-18
92
75
40
-46
87
94
60
100
-1
-84
-86
-41
-11
-42
-29
39
-13
-1
-21
-54
50
43
75
32
84
-95
37
-12
97
-5
-18
16
67
-64
70
-19
73
-77
56
-81
51
-59
-82
62
-55
83
-49
-64
76
90
-23
29
-12
-8
55
58
-97
14
-50
-55
64
52
80
0
47
-87
91
-31
-34
80
-88
29
25
8
40
27
-22
-57
-65
53
-49
-60
28
-56
43
-1
-10
-99
47
-94
34
28
24
-22
-27
-40
-75
-15
-95
35
-81
17
93
-38
80
51
59
12
-6
37
-74
-37
-51
-97
65
15
62
-2
-74
97
39
98
45
65
-98
-97
-3
43
95
4
-47
-9
-63
91
-73
40
-55
22
32
3
80
-27
58
61
-92
40
-53
-89
-2
76
82
55
-15
85
83
2
-48
63
68
-16
37
-41
65
-56
-52
63
26
60
38
88
69
21
-8
-71
-20
67
-64
-56
86
-8
2
57
86
74
-62
39
78
-98
-70
46
-67
-36
-30
-54
-20
-99
9
73
16
-75
84
67
70
94
31
-26
50
-96
-20
36
47
90
50
47
75
25
-59
33
76
54
57
-25
53
-61
70
-42
-30
-95
-44
20
-30
-29
-59
-11
-27
-21
-68
90
1
30
-81
59
18
-68
-40
-16
83
29
8
-80
-42
-20
-22
90
-14
-5
10
62
37
52
4
56
-46
-89
48
93
-28
-96
-60
18
-70
-11
24
100
-71
34
16
-16
88
-94
6
76
73
-96
-81
-54
79
-26
-100
70
50
4
68
3
-92
57
-90
-28
-91
-42
80
-87
-57
-61
3
-3
47
-10
-41
26
68
70
28
98
-79
-84
-8
-77
-3
17
37
-51
-96
62
62
3
43
-81
49
82
-73
-3
37
-57
-1
-94
38
-34
71
49
-45
-85
5
-94
87
-73
98
59
-6
-90
-34
-24
7
54
-51
-98
34
14
-45
55
59
28
-53
-65
18
90
-27
-95
-85
0
6
92
5
-47
52
-57
-95
-36
66
-38
-46
-34
-2
22
-15
-5
40
19
37
47
0
10
32
16
-73
97
-80
11
-45
-7
21
-85
79
0
41
-76
-78
40
-42
18
18
60
52
-52
77
-77
-83
-48
46
-5
-94
8
-42
65
-90
-2
45
-90
-51
14
91
93
-62
64
-24
-86
14
81
67
-22
-72
39
-27
-100
-78
37
12
100
-78
78
64
43
-91
37
-95
68
22
32
97
60
33
-66
-21
74
67
-43
-58
-55
61
99
75
15
45
-69
-71
-29
-56
-39
90
-31
-20
84
41
-59
71
-79
-65
-25
-53
-41
98
85
56
-17
-35
50
-27
-98
11
-87
-50
-10
94
-26
39
-19
-20
89
-68
-24
81
76
28
-19
63
83
67
56
0
7
-46
38
-5
78
9
51
4
24
7
-68
46
30
-73
84
19
-30
-37
-25
-41
48
-28
-87
-32
-21
84
71
47
-68
-98
16
91
61
-24
17
-12
-20
14
-2
43
-65
-27
13
-33
57
-18
29
85
-97
-67
24
-12
-3
21
-27
-57
42
25
95
-35
-40
81
83
-5
95
-5
9
-51
34
19
11
-60
31
42
58
11
-58
39
-97
0
-48
-68
-54
-99
71
88
80
20
-38
65
49
-39
26
-62
92
56
-87
89
-58
38
-2
-52
-68
-97
6
75
52
47
86
-27
-17
57
54
-8
57
-5
79
46
-77
-84
-33
91
2
-73
49
-42
39
-13
-98
80
-66
-60
83
60
30
-100
69
-96
-23
84
-21
-18
85
25
74
-36
-57
-79
-65
-61
-27
37
33
59
-53
-97
92
93
63
34
83
-94
-56
86
-14
-87
-62
68
-51
6
-5
-39
60
-69
-13
54
36
-37
45
-53
-57
14
-17
-96
4
-37
2
10
-36
29
33
100
-41
-88
49
-48
-52
71
-92
-66
8
22
54
67
58
8
19
44
-69
89
53
-66
97
-81
-41
45
-9
88
-34
-22
-91
11
-96
-5
4
25
93
-18
71
-26
-14
55
7
79
-89
88
61
66
22
61
-21
-66
57
-59
27
-14
95
-48
83
0
0
-43
87
54
41
2
40
61
35
38
98
34
-51
76
-17
29
32
-77
-39
7
-18
-30
-43
-78
17
-61
-34
16
-65
27
10
-79
-12
-55
88
70
-32
36
-88
59
-68
87
38
97
-98
-62
25
-51
83
-22
-11
-27
-94
76
95
1
97
38
-34
-37
-1
-69
19
62
75
37
-35
6
-62
-67
31
99
93
30
34
-53
-28
-15
-52
-80
94
3
-41
-14
11
-55
-2
14
67
-72
74
-24
-8
82
42
63
85
-36
-16
54
-96
-31
57
-89
48
58
70
89
6
-42
-65
43
-61
76
19
26
73
-27
-68
95
-93
-34
-100
-53
-93
-93
89
-29
52
-84
-37
70
57
-77
-13
57
-68
-43
45
-7
-12
-78
-52
63
78
-75
24
64
-82
35
90
67
70
-4
86
-42
-95
-100
-12
24
1
-30
-84
-18
4
-58
-45
41
75
33
-96
9
-78
-8
-39
-26
-29
-73
-12
93
-30
74
24
26
-10
50
-28
-67
-66
36
11
-60
91
39
17
61
-55
-15
-63
-34
23
-14
79
-79
24
13
92
35
32
-68
45
96
-65
47
46
50
-59
-14
-65
21
-84
-42
-19
-14
82
-73
86
74
5
-78
-27
38
-18
96
20
-77
21
78
39
-54
13
-49
-71
35
-70
-70
51
-76
8
-28
6
-57
62
-44
74
37
1
12
51
-4
52
-59
94
80
-60
1
-38
-45
-16
57
-96
68
-58
18
27
37
34
-53
22
-8
-33
56
-61
-98
93
68
51
-6
44
45
-53
41
91
22
-60
-40
-89
93
-82
10
-48
-82
91
3
94
72
-13
-49
-70
45
-5
18
57
-96
1
-2
56
54
15
-88
-9
2
-47
47
33
7
-44
-76
83
-76
-31
-23
37
18
-32
-19
-19
-82
-40
98
-16
-53
81
89
-91
-38
19
-82
68
-15
70
-40
-91
-54
-86
-61
15
50
-8
15
-64
42
17
49
53
-81
-42
52
90
-86
96
13
67
-70
95
-45
60
-42
-61
-32
25
8
-17
93
-94
60
-37
41
-79
71
62
61
38
44
49
30
37
2
26
34
-27
-30
-2
3
94
47
69
-7
53
32
-99
26
-93
3
72
63
94
-26
-11
60
79
67
95
15
21
-86
23
67
-96
-100
84
-15
-100
-51
-84
-35
-93
-34
-3
-15
28
99
-72
-41
68
-79
-2
18
-99
-20
-53
5
82
-56
40
-38
-35
95
-78
43
-80
-8
-74
-43
19
27
-40
16
-39
53
-21
-17
58
4
16
-59
-24
36
-43
-20
41
-58
-69
-86
48
-69
75
-87
17
63
-59
-99
-52
73
50
65
16
24
-57
-52
-76
75
28
-39
7
-23
-26
-95
30
-2
34
38
36
24
80
-56
81
-57
64
-64
15
-80
-21
21
-15
96
-64
-61
75
75
-84
46
20
70
-51
66
-12
-16
-53
-66
6
52
5
-63
38
88
-83
-73
0
80
4
59
-25
19
-85
-80
-24
21
-75
-58
51
-74
-88
-94
-63
19
9
80
72
-35
-38
17
18
45
-26
73
-11
-22
-72
58
13
-51
-80
59
43
21
48
63
60
-40
-90
90
-78
67
34
-98
-91
5
78
-34
93
-9
-23
-99
-55
40
49
94
-52
35
2
35
96
-55
-75
-89
-64
-28
-46
-24
24
-60
-69
-5
9
-99
38
-87
-2
99
97
15
77
78
24
68
78
-36
-6
-59
-76
-23
-29
94
-15
-13
-3
-81
-1
-96
59
-63
-60
27
-68
-85
-74
-19
-20
-81
-40
-46
67
-72
31
80
24
-98
97
68
-9
-54
36
-27
-23
68
-32
-99
-76
-37
-81
49
-36
25
-77
-26
63
44
-64
54
54
-40
96
71
-41
-56
-17
-92
-51
63
58
77
20
-70
-98
5
-28
-87
-62
94
85
-79
89
25
-14
-21
41
2
-69
86
44
-2
-75
2
16
25
-36
63
75
86
72
-8
-10
35
-89
-75
-24
45
35
77
-83
-12
46
74
90
-39
96
53
21
-81
-67
65
-47
33
-47
-11
-79
54
58
19
-14
-5
-74
-93
-43
63
-56
-96
96
70
62
19
-93
-84
25
55
24
-55
-68
-56
94
99
-72
-10
1
-65
-54
-89
-26
95
23
89
66
83
36
90
28
-47
9
-94
-30
19
-16
-22
70
-81
-55
75
-51
-94
-88
23
1
-20
6
91
-55
-77
96
-44
-47
96
72
-12
-40
-45
-15
92
-79
47
-10
-76
-4
3
64
-40
-100
87
-9
62
12
-82
90
-97
33
99
16
-71
73
37
77
70
-73
-89
13
-58
-38
67
87
-80
-17
11
74
98
-84
-15
81
-94
57
21
-13
51
-11
-95
65
-94
-69
24
-78
51
-98
-48
10
68
-45
-96
-25
-65
48
-20
-14
-61
-19
49
71
-24
-74
-55
-77
23
74
38
-95
86
30
-85
34
-46
-91
-13
-32
-92
-40
-86
75
-69
12
-1
-80
-97
-78
96
-5
-48
17
-60
78
76
-66
-21
59
35
-61
46
46
-19
-82
-91
21
43
-45
-34
66
5
12
-45
37
97
73
-17
100
-58
14
23
-94
-32
-13
-52
-74
79
-54
6
-53
-97
45
-6
-74
-27
-51
-99
-57
90
71
-85
83
-64
-96
-3
-80
-8
-7
-81
-51
73
16
-74
-89
-9
-46
-66
25
73
-5
-60
20
36
-16
-88
-54
86
7
-79
-37
67
-93
65
41
-73
-68
-26
-44
79
65
-39
86
22
-85
100
44
7
78
39
-69
-16
9
65
-6
22
-67
48
36
26
15
19
-87
44
-15
94
54
55
100
72
44
-35
39
27
-19
39
62
-38
36
-45
84
-81
47
-92
30
0
-75
27
-60
-45
44
52
59
90
-15
12
49
41
61
99
-17
-93
74
-22
14
-77
51
43
81
56
63
92
17
87
-75
6
-42
35
43
58
63
1
-51
96
52
-33
-25
-14
-30
-27
-1
9
-63
-80
5
-91
31
36
-58
7
12
-28
-58
41
22
-7
23
74
29
2
-52
-60
-71
19
10
-18
-10
9
30
-7
36
-85
-14
-83
-60
-14
52
-26
94
-51
49
-47
7
-55
-57
48
-12
-2
-48
73
70
52
-37
-94
95
47
-100
-83
-33
-34
-54
-84
30
16
-88
64
90
-7
49
25
70
27
41
45
-43
25
98
22
16
-79
8
-50
69
-15
98
83
60
-36
-8
-98
85
88
-22
82
66
-70
65
-53
25
47
93
49
-31
44
-2
43
49
91
-11
77
-76
-23
-83
44
-51
-65
-5
-73
-14
-39
76
56
-27
-92
-99
-18
-81
92
96
28
-92
-80
-32
-38
-66
80
-4
58
6
57
-49
-35
-94
9
-63
-68
-18
8
-78
-96
29
-15
-23
-53
-69
69
64
-58
-36
97
44
99
66
-28
-17
36
57
35
29
-74
-48
-45
-97
47
97
72
-47
-89
54
-44
-89
19
16
-91
-99
100
-82
-95
-17
-51
-33
3
19
99
-75
19
79
33
2
33
-18
-46
66
-61
-35
-32
-24
-71
-91
29
-81
-63
35
93
28
-98
-43
-69
-20
69
9
15
-78
-99
-34
53
-62
-53
-9
-74
-21
46
-41
-88
77
98
40
-48
55
44
92
62
-55
18
-73
-33
95
-37
-59
-64
44
82
78
-17
-8
-17
11
46
68
48
2
-63
45
77
-78
92
12
-83
58
33
100
-68
-74
-78
-6
-83
87
-18
-61
7
48
43
-30
43
-53
-50
-4
47
42
34
33
-25
-26
3
12
92
48
1
-17
-61
16
-75
0
-6
-41
-55
91
-46
56
78
-60
100
-19
-65
47
10
-66
82
39
33
24
-46
-9
5
-42
-80
68
69
79
-7
-47
80
-57
-84
74
85
21
-54
37
-51
-97
3
-1
-45
0
-33
-26
-52
-19
-5
4
97
-27
14
39
17
-92
-34
-20
10
-12
-11
-76
-80
40
-52
-46
-87
-94
27
-88
47
-99
29
-9
49
-18
8
39
-94
-88
-92
-63
-40
-1
-62
-2
21
-37
70
-31
48
-23
-64
9
21
-49
78
-67
12
38
-64
-6
-42
60
-67
-5
-5
-47
9
-65
3
-24
-93
-64
-43
-23
-3
94
-8
-96
-15
1
5
45
-22
57
32
25
-65
4
-95
75
4
-9
15
44
2
60
61
32
3
34
-74
2
21
-88
42
66
87
94
-87
68
44
-38
-70
-86
-27
72
18
34
-8
17
97
-11
33
-61
-27
82
-88
36
-7
42
78
29
-58
-92
31
100
-79
22
-99
-59
-86
-18
-72
77
40
87
65
89
6
46
-80
63
20
96
-87
-7
-26
-65
12
89
11
73
-98
55
-5
44
3
-80
-66
9
-10
-8
0
-46
-87
-9
-23
-3
-20
40
16
69
61
18
12
-5
60
-99
62
-72
31
4
75
-75
33
-57
27
92
20
4
93
-80
47
-8
-38
39
77
2
-87
87
29
84
-26
25
-29
-36
22
77
-40
-55
-53
-1
10
-81
20
69
-13
20
-12
86
70
10
88
-81
-29
18
69
84
-12
34
89
-76
-59
-68
-61
78
-26
-80
13
68
-60
15
66
37
62
30
-83
12
87
58
-52
-87
55
86
-58
-25
-12
-82
-85
92
-8
-46
12
23
94
-83
76
99
79
57
0
10
100
-14
46
-100
13
80
68
-75
-30
16
71
-61
-95
10
37
-76
2
-66
43
48
-72
65
89
89
60
-63
-58
-94
-83
-13
25
70
54
-3
21
19
62
14
-70
85
27
3
-87
14
-54
38
85
60
-68
-34
-30
-15
-31
-68
-55
-68
-41
77
-83
-88
38
14
84
49
-8
-69
-62
-33
-98
96
39
14
3
85
1
-49
50
4
-70
74
58
-48
27
7
-37
-82
-43
-40
-28
-46
78
-47
-32
66
21
-66
59
74
-84
-21
47
82
-38
-37
91
-45
64
28
-33
72
23
47
-80
2
-25
-24
100
-5
-23
57
1
78
-7
-24
-81
-56
-61
-80
89
-25
-55
-84
6
-24
17
76
21
2
25
62
23
87
74
-63
-99
-85
-7
84
-28
-60
33
29
96
-96
-4
50
46
-86
-91
-90
-89
-50
35
-63
87
-1
75
46
-21
-27
30
4
-80
28
32
23
-88
91
5
20
-33
-53
6
52
-50
81
47
80
-30
-72
99
45
15
-15
78
-29
-15
-79
-90
10
-7
-46
97
90
40
-92
-44
94
99
98
56
45
-28
20
3
7
-44
46
92
-82
75
41
-18
56
-35
100
27
-64
82
-38
-17
-41
66
2
-15
-67
-6
18
96
-17
-76
39
-84
-75
-14
-70
-91
-60
-9
15
12
97
34
64
-75
58
-94
97
-21
-24
-83
-42
-58
17
-88
4
-21
-6
23
7
-45
34
-13
67
-5
51
5
87
43
-95
-17
55
6
-92
48
0
-11
-7
-35
74
71
-90
98
-100
81
-57
-53
-38
50
14
-73
-85
1
-70
39
57
-29
94
89
51
-84
10
-70
-39
-29
70
47
85
-26
-73
-70
90
-56
7
31
-66
96
-30
-68
-58
-32
-68
32
98
26
62
90
34
-31
5
78
25
-79
99
-52
-21
-90
-3
27
29
61
-37
-53
51
-17
36
21
14
-55
72
74
86
14
3
58
-89
-67
75
50
42
-40
-61
59
-46
79
-52
8
29
83
-100
74
43
-52
69
-70
9
-1
-23
95
31
-72
60
-42
16
-12
-87
-44
54
-45
-100
87
-90
80
-43
-11
-31
7
60
43
76
-11
-20
-37
-37
48
33
35
71
-4
44
-39
-96
-11
5
92
32
61
42
73
51
59
2
-22
87
39
76
-68
22
-56
-48
8
58
89
30
0
-6
0
-95
17
4
48
7
-20
-22
-45
65
55
98
81
93
-61
-11
-26
40
-34
74
66
-35
74
-90
44
60
-40
1
-53
-18
-71
-11
-96
-28
-7
-55
93
75
22
-22
-30
90
-17
-73
-93
44
61
25
-50
-61
82
39
-67
-69
73
34
-44
78
-23
-82
68
30
-17
80
36
-64
42
-5
-3
61
-8
43
91
-70
24
18
-33
-19
84
38
47
-72
-8
82
71
-29
26
93
10
77
-81
62
-97
-21
-12
27
52
-95
-92
-54
-71
0
80
5
-89
5
-27
-17
83
32
22
-5
-42
65
-59
27
56
-10
25
-83
-13
53
-73
-73
-72
43
-34
-56
87
27
5
-19
68
12
66
28
-88
-4
97
-54
-63
50
53
70
-58
8
-28
4
48
17
93
79
5
20
34
54
-25
59
26
-25
-29
19
52
84
55
76
94
-48
-61
-80
-24
-67
-4
-88
53
-32
31
21
22
15
93
71
12
96
-75
8
41
-1
-6
3
30
12
-78
-29
7
20
83
36
-97
26
98
-32
-53
-27
-66
-56
-72
54
-29
92
64
78
75
-85
1
33
-35
-71
18
-58
72
15
-35
39
0
36
-59
-51
35
-33
64
50
24
-21
-26
-70
-97
78
-85
6
-46
-85
94
1
0
3
-10
11
-51
78
3
3
2
54
-81
63
-26
-67
88
-43
12
-59
40
19
86
-78
-100
1
-50
-53
28
-89
9
-83
-54
97
68
-93
81
-32
-13
6
98
93
33
19
-2
100
31
2
59
34
-53
-50
30
27
50
-77
37
-90
-31
54
16
-85
63
-41
51
50
-74
-36
65
92
39
26
66
-73
15
89
-42
52
21
-73
-89
27
-90
53
-63
70
13
35
-36
79
-64
34
64
-100
-92
68
98
-91
-98
60
75
30
80
-89
-82
83
-19
-96
53
12
27
-14
57
75
-33
27
83
-71
-12
-96
65
88
-96
4
44
-18
-50
70
-17
36
-66
-76
-61
-35
16
13
-58
64
-38
-77
-42
80
6
13
-79
12
21
60
-33
-60
72
97
-96
-33
34
81
-19
29
-31
95
8
18
-45
28
-90
79
-22
-74
50
87
-73
44
-45
36
-34
-82
37
67
12
16
15
-77
45
79
-3
-84
6
53
7
-29
1
25
96
-68
-86
-2
-15
-94
60
99
-35
90
-17
-17
38
-15
-43
-8
11
48
60
-40
45
74
-79
17
89
65
72
18
54
-68
11
-98
46
-92
99
-31
-12
96
-55
78
-67
-16
43
-30
-39
-44
77
13
37
33
-39
25
100
74
-96
-7
-27
24
92
-22
80
-46
39
-3
-25
-56
-60
-14
-44
-84
-3
26
32
-9
11
-82
-14
-11
-42
-69
-66
-5
-63
92
-38
-86
-32
-10
-36
-90
-6
-74
22
48
-11
45
-33
-69
-36
76
82
-85
-56
-48
14
84
-64
-71
65
-98
-42
-98
2
14
-92
-68
-23
35
16
16
47
87
-58
-53
-43
-23
-47
22
60
77
84
20
69
24
47
-47
-21
47
-79
-97
-74
8
-17
23
-18
-46
-83
69
10
-92
90
27
92
67
49
59
56
75
5
-47
80
-79
-29
65
-15
54
-100
36
-4
-69
84
-53
50
-22
13
33
88
69
-49
19
79
-45
33
-64
-18
-43
-11
65
-61
43
-55
13
-21
27
-13
93
33
28
-72
-35
56
41
32
-49
-82
59
-54
82
-15
27
-90
-29
-46
71
-2
-33
50
100
-11
-20
33
-37
53
-53
77
68
29
-57
62
18
87
-20
0
-55
-65
93
-72
69
-21
-42
-49
28
20
46
76
22
-89
80
-59
-20
49
-73
20
50
59
-41
75
-77
-19
47
-68
-4
-90
-1
-84
-76
41
-50
22
-43
-66
-86
-90
45
42
14
65
-9
25
13
-32
49
-62
37
45
-81
-74
56
-14
77
16
20
-36
-32
51
0
9
-15
25
-22
-13
-61
-33
-4
-52
2
-67
-6
-96
-16
-59
86
-89
-51
-43
-91
-56
25
58
26
98
-96
-11
-22
-8
7
26
25
-82
13
-88
10
-7
-32
-22
38
-21
-71
56
-69
80
15
-42
50
-71
2
95
-80
-89
80
49
33
-16
71
78
100
72
69
34
36
62
-41
-92
-36
97
-91
-73
-5
-54
-51
38
19
-6
69
0
89
100
17
1
75
49
-19
-10
-69
41
78
80
-73
-18
-46
-65
-95
-78
-1
74
-45
-95
-26
86
46
86
69
29
-38
-3
90
97
-97
-50
-21
-15
-70
-71
-6
-45
19
58
20
79
-88
56
43
-46
-70
16
-96
-98
-11
-60
29
65
100
40
-22
-64
57
-6
-30
-55
79
-5
68
-84
54
71
-23
-26
-43
26
97
82
-11
6
46
-84
87
81
29
-52
72
-36
77
-52
-87
13
-4
89
6
49
92
48
-10
-50
70
63
-91
-50
-5
15
-16
-46
78
-79
99
-84
-67
74
-80
1
-4
57
-100
-7
91
80
51
11
61
-56
39
6
2
-21
93
-90
-3
-95
9
12
-73
-100
-39
-84
-54
-18
-99
-48
9
-66
85
-29
-91
-26
48
54
31
91
-51
13
-46
86
-33
-1
-30
-95
83
100
92
21
65
48
-11
-77
59
-4
19
95
-46
-96
-14
-91
66
-42
99
20
58
74
65
62
13
-42
80
8
54
-27
-69
-82
-66
-68
19
-18
-80
4
2
-8
67
-2
12
-42
70
48
54
-64
-1
28
-88
-50
42
22
-21
-48
-32
-96
-1
-97
-14
0
-18
-87
-46
34
-72
-16
14
-94
-24
96
-31
-69
-47
-26
-13
-79
-28
59
44
91
-52
-15
-54
-9
-93
-49
-71
-65
97
-13
-46
74
52
-27
-86
5
-49
-88
7
-50
7
-5
22
-27
-19
-68
4
-20
81
93
-44
-1
65
-39
38
-67
-15
78
-95
47
45
-30
75
-23
-95
-27
87
-92
73
-4
31
-96
37
80
58
3
-40
-97
-26
3
9
53
-29
-57
-1
12
-70
-39
73
4
-64
93
-76
17
57
10
36
-14
50
88
-8
70
74
62
-55
71
90
53
55
-27
-52
-46
5
31
49
-49
-45
-77
-2
-59
-47
-27
38
11
70
28
4
-56
10
-42
68
86
-68
-41
-71
94
-8
39
86
37
-54
41
-87
81
-45
25
73
-69
-84
94
-84
13
6
-68
9
-50
81
10
-8
28
81
11
78
-10
-77
-95
80
21
-9
5
58
-45
-60
-29
8
62
8
-69
17
-86
26
-55
78
-100
9
1
60
11
-46
21
47
46
-2
8
-88
100
-39
-74
66
70
-81
3
61
20
-86
43
1
-4
-26
28
25
65
50
-31
41
59
-59
88
-41
-5
92
72
-29
39
-54
12
-23
-43
6
67
-57
85
72
-13
-35
7
-11
-98
-83
21
-91
71
-87
-86
-53
-90
-69
-79
48
-15
89
22
97
-2
71
62
35
73
-50
-78
61
33
13
76
-32
10
50
-7
41
100
-1
-95
50
52
40
77
53
-80
-32
-22
1
81
-61
61
-26
38
83
-89
-70
56
-50
-33
88
61
-33
86
-49
88
-70
-25
-33
-68
12
-78
25
-77
-63
99
-82
-1
-58
51
-34
-48
77
-46
57
64
68
92
0
-7
58
-35
64
81
97
-86
-15
-11
91
6
35
-75
47
63
-63
-79
-11
10
16
-3
-5
16
-54
-42
-73
-28
-46
8
-30
-52
-67
65
18
100
-30
95
-83
20
-75
93
48
34
19
56
85
-98
-87
-48
-74
-31
34
42
-96
55
-82
62
-29
69
55
-25
-96
49
100
35
-73
41
-10
-56
-15
94
-47
39
58
80
-100
-42
-52
-90
83
-50
-48
-94
48
-57
-59
76
-6
60
24
-10
-1
28
-28
-14
-77
-31
69
24
29
49
-62
69
77
72
64
72
47
-2
62
33
64
30
64
-80
-40
-58
-48
-59
86
-76
71
15
21
31
-63
-58
38
-33
-48
-62
-96
84
61
-97
66
-60
91
10
69
-34
-34
-6
64
48
-24
32
-6
-11
-86
89
0
-56
-89
23
-67
-47
-28
8
31
82
-53
-13
54
26
4
-27
-9
76
73
71
42
47
-1
46
-34
63
-1
-24
-75
37
0
-66
24
-99
-99
-60
-5
-89
66
8
60
-68
-25
-4
-44
-45
-60
-20
-7
-3
75
66
-75
-96
-77
80
-81
14
47
19
-59
42
-60
-64
-81
73
-90
79
-32
-40
41
64
19
96
54
-97
-33
-78
-81
48
60
-39
-89
44
-8
98
69
17
58
-67
71
59
-32
90
1
-91
5
62
84
-3
93
35
-66
-28
28
33
-2
66
29
-85
-58
-41
-85
80
-66
-81
-30
57
78
-33
3
-98
-31
43
90
16
31
26
15
28
36
54
31
-18
-83
95
73
53
6
-33
24
61
-10
-30
7
-92
50
-81
-89
35
-98
90
8
-15
39
46
46
-32
23
-11
82
98
-11
50
38
41
85
-92
99
58
61
11
39
41
-22
-26
-31
6
77
87
69
70
-98
-39
44
-20
44
-81
-56
-99
-47
5
89
-35
-55
-41
11
51
10
64
-5
-60
46
-90
67
1
75
-90
-52
-19
8
15
-17
37
-21
-23
-44
50
-37
79
59
96
-66
7
-54
67
4
17
51
-79
-38
53
-9
-79
1
8
83
-20
36
31
49
48
76
48
5
60
76
57
-49
97
6
-98
71
30
1
-23
-87
-69
-4
97
-81
81
96
-69
-95
67
30
35
68
25
4
-96
-66
-47
94
-51
36
-96
87
6
-3
47
-94
-89
-29
-34
37
54
16
6
52
-30
-36
5
14
19
36
-97
-78
-91
-64
70
-32
50
-28
11
-79
-3
-16
44
-24
-40
30
-31
-39
-93
-66
-96
-70
28
-97
-39
79
-51
-45
-7
-17
71
83
34
-58
-43
-16
-19
94
-89
44
4
87
-40
96
69
82
-2
54
41
38
-12
97
20
-48
-7
-93
-88
-36
99
11
-92
-96
-39
71
-81
-76
13
-43
-18
-74
-15
-40
-7
-32
3
85
48
87
58
-79
65
32
-99
-45
-56
3
-78
-52
-26
67
94
81
35
-52
90
-7
-98
7
74
81
77
18
-60
-70
-73
83
-36
-61
-60
4
2
59
-75
-22
-28
-65
-75
-34
87
73
-45
14
-67
-34
-15
87
48
78
95
-70
61
80
88
53
54
-74
-44
78
-82
81
93
20
62
-100
-33
-33
-70
90
86
-15
92
63
95
39
66
-72
71
-36
-40
44
4
16
50
86
-80
61
-98
45
-99
62
-38
-14
3
-21
-55
-1
66
45
0
-78
44
-72
4
14
74
46
39
-65
88
3
72
94
53
69
71
-23
-74
9
-74
-48
37
46
81
-58
-52
-100
49
-62
-62
-66
22
-14
-27
81
37
31
-45
-89
32
85
35
-9
14
-42
43
3
-69
-8
-11
90
-79
-66
8
-58
-54
-26
21
48
-19
-24
-39
-60
48
-33
55
90
